20
0	513	713	110	698	511	287	233	930	311	83	246	747	545	74	230	640	924	734	406	
513	0	502	595	249	802	202	526	466	751	568	317	265	833	556	543	396	838	249	388	
713	502	0	458	460	439	261	571	675	488	429	434	559	468	442	255	281	566	565	605	
110	595	458	0	733	450	330	289	964	245	56	312	790	484	78	183	646	900	779	473	
698	249	460	733	0	980	557	921	123	1039	914	714	204	1004	911	806	332	710	244	781	
511	802	439	450	980	0	635	725	1123	272	466	717	1015	55	500	292	685	685	1020	894	
287	202	261	330	557	635	0	249	766	489	272	94	571	668	255	338	548	909	554	275	
233	526	571	289	921	725	249	0	972	498	256	188	766	766	221	452	777	1117	742	245	
930	466	675	964	123	1123	766	972	0	985	820	569	10	1016	810	763	415	851	41	604	
311	751	488	245	1039	272	489	498	985	0	487	616	774	265	514	254	415	480	785	796	
83	568	429	56	914	466	272	256	820	487	0	296	732	468	139	144	577	839	723	469	
246	317	434	312	714	717	94	188	569	616	296	0	762	811	268	495	798	1150	736	212	
747	265	559	790	204	1015	571	766	10	774	732	762	0	1123	992	910	457	830	233	809	
545	833	468	484	1004	55	668	766	1016	265	468	811	1123	0	627	377	600	514	991	971	
74	556	442	78	911	500	255	221	810	514	139	268	992	627	0	383	155	511	484	648	
230	543	255	183	806	292	338	452	763	254	144	495	910	377	383	0	389	576	692	659	
640	396	281	646	332	685	548	777	415	415	577	798	457	600	155	389	0	426	462	808	
924	838	566	900	710	685	909	1117	851	480	839	1150	830	514	511	576	426	0	1120	822	
734	249	565	779	244	1020	554	742	41	785	723	736	233	991	484	692	462	1120	0	115	
406	388	605	473	781	894	275	245	604	796	469	212	809	971	648	659	808	822	115	0	
